4497
4497
4497
7529
7529
7529
19657
19657
19657
2434
2367
2232
2165
2097
1963
7550
7281
7214
7147
7012
6675
6608
6473
6406
6339
6069
6002
5935
5867
5800
5733
5665
5598
5464
5329
5060
4992
4925
4858
4790
4723
4656
4588
4454
4319
4117
3848
3713
3646
3444
3242
3040
2905
2838
2636
2501
2437
2168
2033
7890
7823
7756
7621
7554
7486
7217
7082
7015
6948
6880
6678
6409
6342
6275
5669
5534
5399
5332
5265
4659
4524
4390
4322
4188
4120
4053
3918
3716
3649
3514
3447
3312
3245
3110
2908
2841
2706
2434
2367
2299
2030
1963
7752
7550
7483
7416
7281
7214
7079
6945
6810
6339
6271
6204
6137
6069
5800
5733
5262
5194
5127
5060
4992
4925
4858
4790
4656
4588
3982
3848
3780
3713
3578
3511
3444
3242
3175
2905
2771
2501
2370
2303
2235
2033
7823
7756
7486
7284
7150
7015
6880
6813
6746
6678
6611
6544
6140
6073
6005
5803
5736
5669
5601
5534
5467
4861
4659
4591
4524
4457
4390
4322
4255
4188
4053
3784
3514
3447
3245
3178
3110
2976
2841
2774
2706
2434
2299
2232
2165
2097
1963
7752
7483
7214
7147
7079
7012
6877
6810
6743
6608
6406
6204
6137
6069
6002
5935
5800
5598
5396
5262
5194
5127
5060
4992
4790
4723
4454
3982
3848
3713
3511
3444
3377
3175
3040
2771
2636
2501
2504
2168
2033
7823
7756
7688
7554
7486
7419
7082
6813
6678
6611
6477
6409
6005
5871
5803
5669
5601
5467
5063
4995
4793
4726
4659
4524
4457
4390
4322
4255
4188
4053
3918
3784
3716
3447
3380
3245
3110
3043
2976
2841
2706
1551
1551
1551
1551
1551
1551
1551
1551
1551
1551
1551
1551
1551
1551
1551
1551
1551
1551
1551
1551
1551
1551
1551
1551
1551
1551
1551
1551
1551
1551
1551
1551
1551
1551
1551
1551
1551
1551
1551
1551
1551
1551
1689
1689
1689
1689
1689
1689
1689
1689
1689
1689
1689
1689
1689
1689
1689
1689
1689
1689
1689
1689
1689
1689
1689
1689
1689
1689
1689
1689
1689
1689
1689
1689
1689
1689
1689
1689
1689
1689
1689
1689
1689
1689
1689
1689
1689
1689
1551
1551
1551
1551
1551
1551
1551
1551
1551
1551
1551
1551
1551
1551
1551
1551
1551
1551
1551
1551
1551
1551
1551
1551
1551
1551
1551
1551
1551
1551
1551
1551
1551
1551
1551
1551
1551
1551
1551
1551
1551
1689
1689
1689
1689
1689
1689
1689
1689
1689
1689
1689
1689
1689
1689
1689
1689
1689
1689
1689
1689
1689
1689
1689
1689
1689
1689
1689
1689
1689
1689
1689
1689
1689
1689
1689
1689
1689
1689
1689
1689
1689
1689
1689
1689
1689
1689
1689
1551
1551
1551
1551
1551
1551
1551
1551
1551
1551
1551
1551
1551
1551
1551
1551
1551
1551
1551
1551
1551
1551
1551
1551
1551
1551
1551
1551
1551
1551
1551
1551
1551
1551
1551
1551
1551
1551
1551
1551
1551
1689
1689
1689
1689
1689
1689
1689
1689
1689
1689
1689
1689
1689
1689
1689
1689
1689
1689
1689
1689
1689
1689
1689
1689
1689
1689
1689
1689
1689
1689
1689
1689
1689
1689
1689
1689
1689
1689
1689
1689
1689
1689
1689
1689
1689
1689
1689
2268
2268
2268
2268
2268
2268
2268
2268
2268
2268
2268
2406
2406
2406
2406
2406
2406
2406
2406
2406
2406
2406
2268
2268
2268
2268
2268
2268
2268
2268
2268
2268
2406
2406
2406
2406
2406
2406
2406
2406
2406
2406
2406
2406
2268
2268
2268
2268
2268
2268
2268
2268
2268
2268
2268
2268
2268
2268
2268
2406
2406
2406
2406
2406
2406
2406
869
869
869
869
869
869
869
869
869
869
869
869
869
869
869
869
869
869
869
869
869
869
869
869
869
869
869
869
869
869
869
869
869
869
869
869
869
869
869
869
869
869
869
869
869
869
869
869
869
869
1007
1007
1007
1007
1007
1007
1007
1007
1007
1007
1007
1007
1007
1007
1007
1007
1007
1007
1007
1007
1007
1007
1007
1007
1007
1007
1007
1007
1007
1007
1007
1007
1007
1007
1007
1007
1007
1007
869
869
869
869
869
869
869
869
869
869
869
869
869
869
869
869
869
869
869
869
869
869
869
869
869
869
869
869
869
869
869
869
869
869
869
869
869
869
869
869
869
869
1007
1007
1007
1007
1007
1007
1007
1007
1007
1007
1007
1007
1007
1007
1007
1007
1007
1007
1007
1007
1007
1007
1007
1007
1007
1007
1007
1007
1007
1007
1007
1007
1007
1007
1007
1007
1007
1007
1007
1007
1007
1007
1007
1007
1007
1007
869
869
869
869
869
869
869
869
869
869
869
869
869
869
869
869
869
869
869
869
869
869
869
869
869
869
869
869
869
869
869
869
869
869
869
869
869
869
869
869
869
869
1007
1007
1007
1007
1007
1007
1007
1007
1007
1007
1007
1007
1007
1007
1007
1007
1007
1007
1007
1007
1007
1007
1007
1007
1007
1007
1007
1007
1007
1007
1007
1007
1007
1007
1007
1007
1007
1007
1007
1007
1007
1007
1007
1007
1007
1007
2279
2279
2279
2279
2279
2279
2279
2279
2279
2279
2417
2417
2417
2417
2417
2417
2417
2417
2417
2417
2417
2417
2279
2279
2279
2279
2279
2279
2279
2279
2279
2417
2417
2417
2417
2417
2417
2417
2417
2417
2417
2417
2417
2417
2279
2279
2279
2279
2279
2279
2279
2279
2279
2279
2279
2279
2279
2279
2417
2417
2417
2417
2417
2417
2417
2417
2279
2279
2279
2279
2279
2279
2279
2279
2279
2279
2417
2417
2417
2417
2417
2417
2417
2417
2417
2417
2417
2417
2279
2279
2279
2279
2279
2279
2279
2279
2279
2279
2417
2417
2417
2417
2417
2417
2417
2417
2417
2417
2417
2417
2279
2279
2279
2279
2279
2279
2279
2279
2279
2279
2279
2279
2417
2417
2417
2417
2417
2417
2417
2417
2417
2417
86160
78574
66239
136376
177970
20373
53570
10225
11445
43142
18480
35926
31405
31445
94780
98150
51205
38051
53581
136734
35297
126660
258389
121929
108683
11666
45065
152393
39466
66856
1059
977
968
1052
1030
982
1035
1052
1001
990
977
1012
994
1055
1055
1082
1021
984
1073
1023
968
1099
1039
1023
1045
1005
1070
1016
1094
1135
1202
1109
1172
1199
1167
1164
1221
1241
1220
1125
1116
1162
1156
1169
1140
1117
1156
1137
1178
1231
989
1071
1006
1051
1063
1075
1038
1043
977
985
1072
1044
1088
983
1040
1058
1102
1063
1080
1008
972
1010
1100
1040
1076
1135
1144
1198
1138
1166
1220
1107
1158
1155
1129
1107
1198
1141
1209
1148
1176
1109
1202
1232
1115
1156
1219
1148
1188
1133
1089
1069
1102
991
1085
965
967
983
1061
1095
1096
966
1065
1021
1007
1100
1034
1007
1070
988
1069
1035
981
971
1042
1090
970
1105
1112
1238
1107
1128
1146
1122
1118
1188
1235
1165
1218
1155
1179
1227
1199
1192
1163
1150
1172
1227
1166
1124
1083
1040
1055
1069
1084
1099
968
995
1031
1099
1019
1037
1065
1008
1018
1048
1028
1016
1015
1004
992
1035
1088
979
977
1057
1084
1028
1008
975
1081
1097
975
1045
1149
1146
1111
1200
1237
1195
1222
1104
1223
1155
1176
1197
1197
1224
1105
1140
1025
1014
976
977
1092
1088
1022
991
1017
1039
987
971
1059
1098
1067
1049
1032
1044
1084
1007
1049
972
1172
1103
1122
1168
1116
1121
1107
1148
1235
1161
1104
1194
1116
1209
1104
1156
1147
1172
1110
1161
1211
1134
1209
1217
1142
1174
1103
1189
978
1048
1071
1067
1063
972
1103
1048
966
969
1093
1101
999
1091
986
1022
986
1004
1097
1063
1040
979
1092
984
972
1090
1049
1081
1008
1021
1112
1240
1111
1220
1110
1108
1207
1144
1142
1211
1174
1117
1185
1236
1191
1106
1217
1179
1195
1160
1035
987
1078
1053
999
1032
1087
1101
1070
1055
980
970
1092
985
1065
1024
1030
1043
1019
977
998
1033
975
1038
1030
1185
1163
1231
1139
1208
1151
1238
1237
1214
1234
1226
1151
1223
1202
1109
1109
1118
1226
1136
1170
1126
1184
1132
1192
1175
1098
984
1033
1062
1096
1008
1065
1097
980
1014
1062
1047
1006
1053
1015
967
968
1087
1089
998
1012
1086
1040
1100
1048
1041
1192
1105
1103
1177
1210
1188
1162
1149
1106
1230
1211
1118
1142
1233
1120
1184
1137
1117
1143
1172
1166
1207
1215
1151
1095
1065
996
1057
983
1024
1041
1099
1079
1001
982
1095
976
1056
1012
972
1037
1080
1023
1051
983
1062
1060
1062
1002
968
1029
969
1184
1171
1130
1176
1132
1215
1130
1228
1224
1103
1216
1166
1180
1201
1170
1156
1122
1191
1210
1199
1210
1104
1069
1066
1086
1018
1012
1098
984
1091
988
995
1055
1020
1086
976
1029
1010
1004
1084
987
987
969
1083
1046
977
1149
1149
1127
1204
1233
1127
1230
1224
1168
1137
1197
1133
1230
1114
1167
1232
1107
1129
1197
1105
1125
1182
1170
1163
1140
1107
1046
1016
1043
1050
1041
1015
985
969
1057
983
1002
1032
1091
1060
1000
1085
1101
1073
992
970
1029
1015
1058
1004
1086
1049
975
1111
1233
1107
1164
1151
1235
1198
1235
1121
1174
1196
1231
1226
1175
1214
1222
1194
1190
1130
1162
1228
1116
1181
998
1081
1046
1062
1022
1091
1063
1048
1049
997
1043
1004
1079
1091
1039
1031
1014
992
1058
1098
1011
1008
1048
995
1049
1000
1146
1119
1106
1134
1179
1133
1152
1188
1165
1105
1168
1221
1130
1137
1156
1173
1134
1189
1112
1104
1119
1134
1174
1146
1038
1034
1029
997
1001
1032
1003
998
1060
1035
1100
1025
985
1091
1079
1075
1072
1011
1090
1101
965
1001
1061
1015
1072
991
1062
1097
1053
1155
1131
1216
1119
1147
1154
1137
1185
1232
1225
1213
1115
1153
1127
1229
1176
1184
1159
1204
1200
1112
1048
1027
1065
992
1058
977
976
972
995
1026
1025
1031
990
996
1072
1092
1033
1036
1102
1073
1076
985
1029
999
1001
1040
1007
1054
1057
1036
1041
1209
1117
1184
1106
1179
1107
1173
1132
1179
1166
1182
1162
1217
1237
1110
1139
1178
1198
1137
985
998
990
968
1024
1102
1030
1061
1086
1086
1053
1098
972
965
1061
984
1037
1088
1068
1062
1113
1160
1227
1198
1174
1228
1202
1104
1137
1175
1138
1192
1178
1166
1224
1179
1109
1237
1139
1175
1133
1141
1201
1157
1233
1182
1164
1159
1149
1195
1004
981
1097
1064
1007
1075
1027
971
1020
1084
1068
1019
978
984
1060
1078
975
1068
1067
979
1003
1092
1239
1229
1113
1104
1220
1174
1239
1228
1120
1179
1136
1206
1116
1112
1124
1231
1162
1148
1147
1200
1179
1172
1213
1202
1222
1192
1128
1187
1080
990
989
1095
1075
1080
986
969
1025
1033
1033
966
969
1030
1091
1088
968
1073
1102
1004
1016
1072
995
1183
1194
1107
1106
1206
1191
1209
1135
1170
1135
1198
1194
1122
1235
1188
1235
1220
1240
1235
1222
1108
1237
1177
1210
1229
1162
1195
1092
967
1097
1070
976
1068
997
1022
1009
1032
1099
1076
1018
1099
1014
987
968
1058
1023
1060
1095
1032
1027
1079
1090
1195
1200
1159
1206
1136
1111
1168
1198
1216
1104
1215
1158
1186
1175
1234
1106
1211
1160
1183
1216
1162
1141
1206
1147
1152
1025
1009
1093
1008
1091
1059
1062
1042
988
1065
1080
1039
1053
1011
1087
1037
1056
1033
1016
978
1047
994
985
1040
1013
1087
1102
1092
1019
1053
1205
1155
1115
1157
1151
1121
1125
1207
1142
1135
1202
1168
1113
1216
1225
1184
1202
1237
1105
1207
1024
1061
1004
999
1001
1006
1045
1072
1038
1015
993
998
972
1074
1043
1036
1000
1039
1016
1059
996
1102
1191
1125
1185
1124
1174
1208
1134
1180
1157
1228
1200
1142
1233
1164
1118
1141
1168
1198
1241
1143
1224
1164
1191
1130
1162
1240
1171
1190
1067
970
1042
1085
968
975
1070
978
987
1018
1007
970
1023
1044
1010
1078
1097
1102
995
1092
994
1061
1083
1199
1181
1145
1232
1223
1186
1141
1179
1222
1112
1201
1159
1190
1213
1173
1235
1215
1233
1140
1117
1216
1204
1107
1198
1139
1161
1154
1085
1092
1039
1064
1000
1029
1100
1024
982
1075
1077
967
1056
1041
981
1090
1025
1010
1063
1003
1005
1015
1014
1059
1071
1094
1051
1166
1196
1232
1220
1149
1222
1178
1119
1136
1194
1124
1131
1123
1124
1132
1113
1232
1136
1202
1201
1172
1198
1113
1029
969
1089
992
1092
1012
1100
1033
1089
987
1033
1030
1011
1005
992
986
1000
1077
1035
1055
1097
980
1058
1056
993
1088
1179
1134
1154
1167
1225
1123
1127
1203
1234
1158
1214
1240
1225
1193
1152
1200
1158
1228
1186
1149
1190
1234
1134
1201
1041
987
978
969
993
1099
1055
1084
1004
1069
1096
1005
1002
1096
1099
990
994
1033
1015
1007
981
1050
974
1051
1056
1009
1090
975
1020
1219
1218
1224
1148
1199
1145
1139
1215
1138
1131
1167
1183
1179
1162
1237
1109
1169
1154
1175
1134
1162
1206
1206
1206
1344
1344
1344
1344
1206
1206
1206
1344
1344
1344
1344
1206
1206
1206
1206
1206
1206
1344
1206
1206
1206
1344
1344
1344
1344
1206
1206
1344
1344
1344
1344
1344
1206
1206
1206
1206
1206
1344
1344
1206
1344
1344
1344
1344
1344
1344
1206
1206
1206
1344
1344
1344
1344
1206
1206
1206
1344
1344
1344
1344
1206
1206
1344
1344
1344
1344
1344
1206
1206
1206
1206
1206
1206
1206
1206
1344
1344
1344
1344
1344
1344
1344
1206
1206
1206
1206
1206
1206
1344
1344
1344
1344
1344
1344
1344
1344
1344
1206
1206
1206
1206
1206
1206
1206
1206
1206
1344
1344
1344
1344
1344
1344
1206
1206
1206
1206
1206
1206
1206
1344
1344
1344
1344
1344
1344
1344
1344
1206
1206
1206
1206
1206
1206
1206
1206
1206
1206
1344
1344
1344
1344
1344
1206
1206
1206
1206
1344
1344
1344
1206
1206
1206
1344
1344
1344
1344
1206
1206
1206
1206
1206
1344
1344
1206
1206
1206
1206
1344
1344
1344
1206
1206
1344
1344
1344
1344
1344
1206
1206
1206
1206
1206
1344
1344
1206
1206
1206
1344
1344
1344
1344
1206
1206
1206
1344
1344
1344
1344
1206
1206
1206
1206
1344
1344
1344
1206
1206
1344
1344
1344
1344
1344
1206
1206
1206
1206
1344
1344
1344
1206
1206
1206
1206
1206
1344
1344
1206
1206
1344
1344
1344
1344
1344
1206
1206
1206
1344
1344
1344
1344
1206
1206
1206
1206
1206
1206
1206
1206
1206
1206
1206
1344
1344
1344
1344
1206
1206
1206
1206
1206
1206
1206
1206
1344
1344
1344
1344
1344
1344
1344
1206
1206
1206
1344
1344
1344
1344
1206
1206
1206
1206
1206
1206
1344
1206
1206
1206
1344
1344
1344
1344
1206
1206
1344
1344
1344
1344
1344
1206
1206
1206
1206
1344
1344
1344
1206
1206
1206
1344
1344
1344
1344
1206
1206
1206
1344
1344
1344
1344
1206
1206
1206
1344
1344
1344
1344
1206
1206
1206
1206
1206
1344
1344
1206
1206
1206
1344
1344
1344
1344
1206
1206
1206
1206
1344
1344
1344
1206
1206
1206
1344
1344
1344
1344
1206
1206
1206
1344
1344
1344
1344
1206
1206
1344
1344
1344
1344
1344
1206
1206
1206
1344
1344
1344
1344
1206
1206
1206
1206
1206
1344
1344
1206
1206
1206
1344
1344
1344
1344
1206
1206
1206
1344
1344
1344
1344
1206
1344
1344
1344
1344
1344
1344
1206
1206
1206
1206
1206
1206
1344
1344
1344
1344
1344
1344
1344
1344
1344
1206
1206
1206
1206
1206
1206
1344
1206
1206
1206
1344
1344
1344
1344
1206
1206
1206
1344
1344
1344
1344
1206
1206
1206
1344
1344
1344
1344
1206
1206
1344
1344
1344
1344
1344
1206
1206
1206
1206
1206
1206
1344
1206
1206
1206
1206
1344
1344
1344
1206
1206
1206
1206
1206
1344
1344
1206
1206
1206
1344
1344
1344
1344
1206
1206
1206
1206
1206
1344
1344
1206
1206
1206
1206
1206
1206
1206
1206
1206
1206
1344
1344
1344
1344
1344
1206
1206
1206
1206
1206
1206
1206
1344
1344
1344
1344
1344
1344
1344
1344
1206
1206
1206
1206
1206
1206
1206
1206
1206
1206
1344
1344
1344
1344
1344
1206
1206
1206
1206
1206
1206
1206
1206
1206
1206
1344
1344
1344
1344
1344
1206
1206
1206
1344
1344
1344
1344
1206
1206
1206
1206
1344
1344
1344
1206
1344
1344
1344
1344
1344
1344
1206
1206
1206
1206
1344
1344
1344
1206
1206
1344
1344
1344
1344
1344
1206
1206
1206
1344
1344
1344
1344
1206
1206
1206
1206
1344
1344
1344
1206
1206
1206
1344
1344
1344
1344
1206
1206
1344
1344
1344
1344
1344
1206
1206
1206
1206
1206
1344
1344
1206
1206
1206
1206
1206
1344
1344
1206
1206
1206
1344
1344
1344
1344
1206
1206
1344
1344
1344
1344
1344
1206
1206
1206
1344
1344
1344
1344
1206
1206
1206
1206
1344
1344
1344
1344
1344
1344
1344
1344
1344
1344
1206
1206
1206
1206
1344
1344
1344
1206
1206
1206
1206
1344
1344
1344
1206
1206
1206
1206
1206
1206
1206
1344
1344
1344
1344
1344
1344
1344
1344
1206
1206
1206
1206
1206
1344
1344
1206
1206
1206
1206
1206
1206
1344
1206
1206
1206
1206
1344
1344
1344
1206
1206
1206
1206
1344
1344
1344
1206
1206
1206
1206
1206
1206
1206
1206
1206
1206
1344
1344
1344
1344
1344
1206
1206
1206
1206
1206
1206
1206
1344
1344
1344
1344
1344
1344
1344
1344
1206
1206
1206
1206
1206
1206
1206
1206
1206
1344
1344
1344
1344
1344
1344
1206
1206
1206
1206
1206
1344
1344
1344
1344
1344
831
1344
1344
1344
1344
1206
1206
1206
1206
1206
1206
1206
1206
1206
1206
1344
1344
1344
1344
1344
1206
1206
1206
1206
1206
1206
1206
1344
1344
1344
1344
1344
1344
1344
1344
1206
1206
1206
1206
1206
1206
1206
1206
1344
1344
1344
1344
1344
1344
1344
1206
1206
1206
1206
1206
1206
1206
1344
1344
1344
1344
1344
1344
1344
1344
1206
1206
1206
1206
1206
1344
1344
1344
1344
1344
1344
1344
1344
1344
1344
1206
1206
1206
1206
1206
1206
1206
1206
1344
1344
1344
1344
1344
1344
1344
1206
1206
1206
1206
1206
1206
1344
1344
1344
1344
1344
1344
1344
1344
1344
1206
1206
1206
1206
1344
1344
1344
1206
1206
1344
1344
1344
1344
1344
1206
1206
1206
1206
1344
1344
1344
1206
1206
1344
1344
1344
1344
1344
1206
1206
1206
1206
1344
1344
1344
1206
1206
1206
1206
1344
1344
1344
1206
1206
1206
1206
1206
1206
1344
1206
1206
1344
1344
1344
1344
1344
1206
1206
1206
1344
1344
1344
1344
1206
1206
1206
1206
1206
1344
1344
1206
1206
1206
1206
1206
1206
1206
1206
1206
1344
1344
1344
1344
1344
1344
1206
1206
1206
1206
1206
1206
1206
1206
1206
1206
1206
1344
1344
1344
1344
1206
1206
1206
1206
1206
1206
1206
1206
1344
1344
1344
1344
1344
1344
1344
1206
1206
1206
1206
1206
1206
1206
1206
1206
1344
1344
1344
1344
1344
1344
1206
1206
1206
1206
1206
1206
1206
1206
1206
1206
1344
1344
1344
1344
1344
1206
1206
1206
1344
1344
1344
1344
1206
1206
1206
1206
1344
1344
1344
1206
1206
1206
1206
1344
1344
1344
1206
1206
1206
1206
1344
1344
1344
1206
1206
1206
1344
1344
1344
1344
1206
1206
1344
1344
1344
1344
1344
1206
1206
1206
1344
1344
1344
1344
1206
1206
1206
1206
1206
1206
1344
1206
1206
1344
1344
1344
1344
1344
1206
1206
1206
1206
1206
1206
1206
1206
1206
1206
1344
1344
1344
1344
1206
1206
1206
1344
1344
1344
1344
1206
1206
1206
1206
1206
1206
1344
1206
1206
1206
1206
1344
1344
1344
1206
1206
1206
1206
1206
1206
1206
1206
1344
1344
1344
1344
1344
1344
1344
1206
1206
1206
1206
1206
1344
1344
1344
1344
1344
1344
1344
1344
1344
1344
1206
1206
1206
1206
1344
1344
1344
1206
1206
1206
1344
1344
1344
1344
1206
1206
1206
1206
1344
1344
1344
1206
1206
1206
1344
1344
1344
1344
1206
1206
1206
1206
1206
1344
1344
1206
1206
1206
1206
1344
1344
1344
1206
1206
1206
1206
1344
1344
1344
1206
1206
1206
1206
1206
1344
1344
1206
1206
1206
1206
1344
1344
1344
1206
1206
1206
1206
1344
1344
1344
1206
1206
1206
1344
1344
1344
1344
1206
1206
1206
1344
1344
1344
1344
1206
1206
1206
1206
1206
1206
1206
1206
1206
1206
1206
1344
1344
1344
1206
1206
1206
1344
1344
1344
1344
1206
1206
1206
1344
1344
1344
1344
1206
1206
1206
1344
1344
1344
1344
1206
1206
1206
1206
1206
1344
1344
1206
1206
1206
1344
1344
1344
1344
1206
1206
1206
1206
1206
1344
1344
1344
1344
1344
1344
1344
1344
1344
1344
1206
1206
1206
1206
1344
1344
1344
1206
1206
1344
1344
1344
1344
1344
1206
1206
1206
1344
1344
1344
1344
1206
1206
1344
1344
1344
1344
1344
1206
1206
1206
1344
1344
1344
1344
1206
1206
1206
1206
1206
1344
1344
1206
1206
1206
1206
1206
1344
1344
1206
1206
1206
1206
1206
1344
1344
1206
1206
1206
1206
1344
1344
1344
1206
